3 0.4815043156596794 0.40654952076677314 0.009864364981504316 0.04952076677316294
6 0.4818125770653514 0.4528753993610224 0.008014796547472256 0.036741214057507986
3 0.48057953144266335 0.4049520766773163 0.010480887792848335 0.04952076677316294
6 0.4811960542540074 0.4520766773162939 0.009247842170160296 0.038338658146964855
3 0.4808877928483354 0.4057507987220447 0.011097410604192354 0.051118210862619806
6 0.4815043156596794 0.4520766773162939 0.008631319358816275 0.04153354632587859
3 0.4808877928483354 0.4057507987220447 0.009864364981504316 0.04792332268370607
6 0.4811960542540074 0.4520766773162939 0.008014796547472256 0.03514376996805112
3 0.4808877928483354 0.40654952076677314 0.009864364981504316 0.04952076677316294
6 0.4815043156596794 0.4520766773162939 0.008631319358816275 0.038338658146964855
3 0.4811960542540074 0.4057507987220447 0.009247842170160296 0.04792332268370607
6 0.4811960542540074 0.4512779552715655 0.008014796547472256 0.036741214057507986