2 0.81288532675709 0.19968051118210864 0.008014796547472256 0.01597444089456869
5 0.811652281134402 0.21565495207667731 0.008014796547472256 0.01597444089456869
6 0.9485203452527744 0.21485623003194887 0.02157829839704069 0.036741214057507986
6 0.9482120838471023 0.21485623003194887 0.02096177558569667 0.03354632587859425
6 0.8871763255240444 0.2220447284345048 0.007398273736128237 0.012779552715654952
2 0.81288532675709 0.1988817891373802 0.008014796547472256 0.01437699680511182
5 0.811652281134402 0.21645367412140576 0.006781750924784217 0.011182108626198083
2 0.812577065351418 0.1988817891373802 0.007398273736128237 0.01437699680511182
5 0.811960542540074 0.21485623003194887 0.007398273736128237 0.01437699680511182
6 0.9485203452527744 0.21645367412140576 0.02281134401972873 0.036741214057507986
6 0.8871763255240444 0.22364217252396165 0.007398273736128237 0.012779552715654952