2 0.34833538840937117 0.41134185303514376 0.013563501849568433 0.036741214057507986
2 0.28020961775585695 0.3522364217252396 0.009247842170160296 0.020766773162939296
2 0.23859432799013564 0.35543130990415334 0.009864364981504316 0.023961661341853034
2 0.32983970406905055 0.34824281150159747 0.008631319358816275 0.019169329073482427
2 0.41707768187422933 0.34584664536741216 0.008014796547472256 0.020766773162939296
2 0.47564734895191124 0.3466453674121406 0.008014796547472256 0.022364217252396165
2 0.5147965474722564 0.34584664536741216 0.007398273736128237 0.020766773162939296
2 0.5536374845869297 0.3442492012779553 0.007398273736128237 0.01757188498402556
2 0.6211467324290999 0.3929712460063898 0.011713933415536375 0.03194888178913738
5 0.6214549938347719 0.4249201277955272 0.014796547472256474 0.03194888178913738
0 0.782983970406905 0.3929712460063898 0.009864364981504316 0.025559105431309903
4 0.8887176325524044 0.36741214057507987 0.017879161528976572 0.038338658146964855
0 0.6427250308261405 0.40894568690095845 0.005548705302096177 0.01597444089456869
0 0.6424167694204685 0.3913738019169329 0.006165228113440197 0.01597444089456869