4 0.41707768187422933 0.48642172523961663 0.010480887792848335 0.023961661341853034
4 0.42971639950678175 0.48562300319488816 0.009864364981504316 0.025559105431309903
4 0.4423551171393342 0.48482428115015974 0.010480887792848335 0.027156549520766772
2 0.2617139334155364 0.560702875399361 0.014180024660912454 0.03194888178913738
5 0.26048088779284834 0.5966453674121406 0.014180024660912454 0.03354632587859425
1 0.12330456226880394 0.5159744408945687 0.014796547472256474 0.03194888178913738
4 0.12330456226880394 0.5527156549520766 0.014796547472256474 0.03514376996805112
6 0.12330456226880394 0.5870607028753994 0.014796547472256474 0.027156549520766772
4 0.5733662145499383 0.5830670926517572 0.009864364981504316 0.025559105431309903
1 0.5730579531442663 0.5567092651757188 0.009247842170160296 0.027156549520766772
6 0.6424167694204685 0.5822683706070287 0.009864364981504316 0.03035143769968051