1 0.0499383477188656 0.4928115015974441 0.018495684340320593 0.04313099041533546
4 0.04932182490752158 0.5391373801916933 0.018495684340320593 0.04313099041533546
6 0.049630086313193586 0.5822683706070287 0.01911220715166461 0.03354632587859425
2 0.20900123304562268 0.5471246006389776 0.01972872996300863 0.04313099041533546
5 0.20715166461159062 0.5926517571884984 0.018495684340320593 0.04472843450479233
4 0.41368680641183725 0.4584664536741214 0.012330456226880395 0.03194888178913738
4 0.4294081381011097 0.4584664536741214 0.012946979038224414 0.03194888178913738
4 0.44512946979038226 0.4560702875399361 0.012330456226880395 0.03354632587859425
4 0.6063501849568435 0.5838658146964856 0.011713933415536375 0.03035143769968051
1 0.6051171393341553 0.5487220447284346 0.011713933415536375 0.03035143769968051
6 0.7173242909987669 0.579073482428115 0.011713933415536375 0.039936102236421724