2 0.3178175092478422 0.5758785942492013 0.009247842170160296 0.020766773162939296
5 0.31720098643649813 0.5982428115015974 0.009247842170160296 0.020766773162939296
1 0.2096177558569667 0.5407348242811502 0.009864364981504316 0.023961661341853034
3 0.2099260172626387 0.5678913738019169 0.010480887792848335 0.023961661341853034
6 0.21023427866831074 0.59185303514377 0.011097410604192354 0.020766773162939296
4 0.4220098643649815 0.5175718849840255 0.006781750924784217 0.01597444089456869
4 0.4312577065351418 0.518370607028754 0.006781750924784217 0.01757188498402556
4 0.4408138101109741 0.5167731629392971 0.007398273736128237 0.01757188498402556
4 0.5360665844636252 0.5878594249201278 0.006781750924784217 0.019169329073482427
1 0.5354500616522812 0.5662939297124601 0.006781750924784217 0.01757188498402556
6 0.5718249075215783 0.5878594249201278 0.006781750924784217 0.019169329073482427
0 0.7558569667077681 0.5670926517571885 0.016029593094944512 0.04792332268370607