2 0.23921085080147966 0.2755591054313099 0.011097410604192354 0.023961661341853034
5 0.23951911220715166 0.3035143769968051 0.011713933415536375 0.025559105431309903
2 0.23951911220715166 0.273961661341853 0.011713933415536375 0.027156549520766772
5 0.23951911220715166 0.3035143769968051 0.011713933415536375 0.025559105431309903
4 0.42632552404438967 0.31230031948881787 0.0030826140567200987 0.007987220447284345
4 0.42971639950678175 0.31389776357827476 0.002466091245376079 0.007987220447284345
4 0.4343403205918619 0.31309904153354634 0.0030826140567200987 0.006389776357827476
2 0.2401356350184957 0.2747603833865815 0.011713933415536375 0.02875399361022364
5 0.23951911220715166 0.3027156549520767 0.011713933415536375 0.027156549520766772
4 0.42632552404438967 0.31230031948881787 0.0030826140567200987 0.007987220447284345
4 0.4300246609124538 0.31230031948881787 0.0030826140567200987 0.007987220447284345
4 0.4343403205918619 0.31230031948881787 0.0030826140567200987 0.007987220447284345