1 0.5983353884093712 0.6429712460063898 0.017879161528976572 0.0463258785942492
6 0.5893958076448829 0.6789137380191693 0.01726263871763255 0.038338658146964855
6 0.5215782983970407 0.6789137380191693 0.007398273736128237 0.01597444089456869
1 0.5983353884093712 0.6429712460063898 0.016646115906288533 0.04313099041533546
6 0.5893958076448829 0.6789137380191693 0.016029593094944512 0.03514376996805112
6 0.5218865598027127 0.6789137380191693 0.006781750924784217 0.012779552715654952
1 0.5980271270036991 0.6429712460063898 0.018495684340320593 0.04313099041533546
6 0.5897040690505548 0.6781150159744409 0.016646115906288533 0.036741214057507986
6 0.6081997533908755 0.6805111821086262 0.015413070283600493 0.038338658146964855
6 0.5218865598027127 0.6797124600638977 0.006781750924784217 0.01437699680511182
2 0.45807644882860665 0.6741214057507987 0.002466091245376079 0.006389776357827476
1 0.5977188655980271 0.6421725239616614 0.017879161528976572 0.04472843450479233
6 0.5893958076448829 0.6789137380191693 0.01726263871763255 0.03514376996805112
6 0.6078914919852034 0.6821086261980831 0.014796547472256474 0.03514376996805112
6 0.5218865598027127 0.6781150159744409 0.005548705302096177 0.01437699680511182
2 0.45807644882860665 0.6733226837060703 0.002466091245376079 0.004792332268370607