2 0.2345869297163995 0.645367412140575 0.004315659679408138 0.009584664536741214
5 0.2345869297163995 0.6565495207667732 0.004315659679408138 0.009584664536741214
6 0.31011097410604194 0.6597444089456869 0.007398273736128237 0.01597444089456869
6 0.3104192355117139 0.6605431309904153 0.006781750924784217 0.01437699680511182
2 0.23489519112207152 0.6461661341853036 0.004932182490752158 0.011182108626198083
5 0.2339704069050555 0.6573482428115016 0.004315659679408138 0.011182108626198083
2 0.2345869297163995 0.6461661341853036 0.005548705302096177 0.011182108626198083
5 0.2342786683107275 0.6573482428115016 0.004932182490752158 0.011182108626198083
6 0.3098027127003699 0.6605431309904153 0.006781750924784217 0.01757188498402556
6 0.31011097410604194 0.6597444089456869 0.007398273736128237 0.01597444089456869
2 0.23489519112207152 0.645367412140575 0.004932182490752158 0.009584664536741214
5 0.2339704069050555 0.6573482428115016 0.004315659679408138 0.011182108626198083