2 0.5749075215782984 0.6413738019169329 0.010480887792848335 0.027156549520766772
4 0.7373612823674476 0.6325878594249201 0.007398273736128237 0.01597444089456869
0 0.08908754623921085 0.6693290734824281 0.017879161528976572 0.04153354632587859
2 0.5755240443896424 0.6421725239616614 0.010480887792848335 0.025559105431309903
4 0.7373612823674476 0.6325878594249201 0.007398273736128237 0.01597444089456869
0 0.09001233045622688 0.6701277955271565 0.01726263871763255 0.036741214057507986
2 0.5752157829839704 0.6429712460063898 0.009864364981504316 0.027156549520766772
0 0.7373612823674476 0.6333865814696485 0.007398273736128237 0.01757188498402556
0 0.08939580764488286 0.6685303514376997 0.018495684340320593 0.036741214057507986
2 0.5752157829839704 0.6413738019169329 0.009864364981504316 0.023961661341853034
4 0.7370530209617756 0.6317891373801917 0.006781750924784217 0.01437699680511182
0 0.08939580764488286 0.6693290734824281 0.016029593094944512 0.03514376996805112