2 0.40166461159062883 0.639776357827476 0.004315659679408138 0.011182108626198083
5 0.40166461159062883 0.652555910543131 0.005548705302096177 0.011182108626198083
6 0.4713316892725031 0.639776357827476 0.008014796547472256 0.020766773162939296
6 0.4713316892725031 0.639776357827476 0.008014796547472256 0.020766773162939296
2 0.40166461159062883 0.639776357827476 0.004315659679408138 0.011182108626198083
5 0.40166461159062883 0.6541533546325878 0.004315659679408138 0.011182108626198083
6 0.4713316892725031 0.6405750798722045 0.008014796547472256 0.022364217252396165
2 0.40104808877928483 0.639776357827476 0.004315659679408138 0.011182108626198083
5 0.40166461159062883 0.6509584664536742 0.005548705302096177 0.011182108626198083
6 0.47194821208384713 0.6413738019169329 0.009247842170160296 0.020766773162939296
2 0.40135635018495686 0.6405750798722045 0.0036991368680641184 0.009584664536741214
5 0.40166461159062883 0.6509584664536742 0.004315659679408138 0.011182108626198083